This file just contains stan and fh console output for my own reference. 

# STAN FIT 

> print(samples, digits=5)
Inference for Stan model: anon_model.
5 chains, each with iter=1e+05; warmup=50000; thin=1; 
post-warmup draws per chain=50000, total post-warmup draws=250000.

           mean se_mean      sd      2.5%       25%       50%       75%     97.5%  n_eff    Rhat
alpha   0.06801 0.00003 0.00369   0.06080   0.06554   0.06799   0.07047   0.07528  14970 1.00025
A       0.00121 0.00000 0.00020   0.00087   0.00107   0.00119   0.00133   0.00166 225610 1.00001
u[1]   -0.03642 0.00003 0.00535  -0.04696  -0.04002  -0.03641  -0.03279  -0.02601  30494 1.00011
u[2]    0.01511 0.00003 0.01577  -0.01583   0.00448   0.01511   0.02571   0.04604 216303 1.00000
u[3]   -0.00002 0.00003 0.00949  -0.01860  -0.00643  -0.00002   0.00637   0.01858  90811 1.00002
u[4]   -0.05634 0.00003 0.00392  -0.06408  -0.05895  -0.05631  -0.05371  -0.04868  16871 1.00024
u[5]   -0.00810 0.00003 0.01082  -0.02929  -0.01541  -0.00810  -0.00079   0.01308 115703 1.00000
u[6]    0.00122 0.00003 0.00868  -0.01577  -0.00463   0.00121   0.00705   0.01823  76567 1.00004
u[7]    0.02294 0.00003 0.01336  -0.00327   0.01391   0.02295   0.03196   0.04914 173645 1.00001
u[8]    0.01981 0.00003 0.01526  -0.01007   0.00949   0.01982   0.03004   0.04976 209230 1.00001
u[9]    0.00589 0.00003 0.00829  -0.01036   0.00029   0.00590   0.01148   0.02217  68920 1.00004
u[10]  -0.01547 0.00003 0.01234  -0.03969  -0.02376  -0.01548  -0.00713   0.00862 145841 1.00001
u[11]   0.03200 0.00004 0.02156  -0.01012   0.01744   0.03188   0.04651   0.07450 357555 0.99999
u[12]   0.01517 0.00003 0.01099  -0.00634   0.00778   0.01518   0.02259   0.03673 122684 1.00002
u[13]  -0.04462 0.00003 0.00604  -0.05648  -0.04868  -0.04462  -0.04056  -0.03281  37530 1.00009
u[14]  -0.02734 0.00003 0.00759  -0.04224  -0.03244  -0.02733  -0.02222  -0.01250  57728 1.00005
u[15]   0.04712 0.00003 0.01474   0.01829   0.03717   0.04708   0.05706   0.07610 208087 1.00001
u[16]   0.01546 0.00003 0.01072  -0.00558   0.00825   0.01547   0.02269   0.03647 118016 1.00004
u[17]   0.06815 0.00003 0.01593   0.03710   0.05741   0.06807   0.07889   0.09947 232370 1.00000
u[18]  -0.04162 0.00003 0.00577  -0.05299  -0.04550  -0.04160  -0.03771  -0.03037  35001 1.00011
u[19]  -0.04278 0.00003 0.00502  -0.05265  -0.04614  -0.04278  -0.03940  -0.03298  26706 1.00011
u[20]   0.02147 0.00003 0.01033   0.00116   0.01454   0.02147   0.02841   0.04171 109169 1.00002
u[21]   0.03386 0.00003 0.01318   0.00805   0.02497   0.03384   0.04271   0.05979 168699 1.00002
u[22]   0.03111 0.00003 0.01288   0.00585   0.02241   0.03110   0.03981   0.05633 163790 1.00000
u[23]  -0.00220 0.00003 0.00853  -0.01894  -0.00795  -0.00219   0.00353   0.01451  73396 1.00006
u[24]  -0.03015 0.00003 0.00774  -0.04530  -0.03540  -0.03015  -0.02490  -0.01501  61507 1.00002
u[25]  -0.02870 0.00003 0.00579  -0.04011  -0.03259  -0.02869  -0.02480  -0.01741  34668 1.00011
u[26]  -0.00719 0.00003 0.00923  -0.02522  -0.01343  -0.00720  -0.00097   0.01089  85143 1.00002
u[27]  -0.01020 0.00003 0.01050  -0.03070  -0.01730  -0.01022  -0.00310   0.01037 106260 1.00002
u[28]  -0.05408 0.00003 0.00543  -0.06475  -0.05772  -0.05406  -0.05042  -0.04348  30452 1.00010
u[29]   0.01565 0.00003 0.01206  -0.00802   0.00754   0.01565   0.02374   0.03936 142050 1.00002
u[30]   0.00509 0.00003 0.01171  -0.01793  -0.00279   0.00511   0.01299   0.02800 138098 1.00000
u[31]   0.00625 0.00003 0.00754  -0.00855   0.00120   0.00626   0.01137   0.02098  58848 1.00006
u[32]  -0.04087 0.00003 0.00483  -0.05038  -0.04412  -0.04086  -0.03763  -0.03140  24898 1.00011
u[33]   0.03592 0.00003 0.01810   0.00060   0.02374   0.03586   0.04809   0.07160 280656 1.00000
u[34]  -0.05801 0.00003 0.00398  -0.06584  -0.06068  -0.05798  -0.05533  -0.05026  17096 1.00022
u[35]   0.02145 0.00003 0.01248  -0.00297   0.01304   0.02146   0.02986   0.04599 153542 1.00000
u[36]   0.00217 0.00003 0.00964  -0.01672  -0.00433   0.00219   0.00870   0.02099  91677 1.00006
u[37]   0.01736 0.00003 0.00945  -0.00114   0.01100   0.01735   0.02373   0.03588  89985 1.00001
u[38]   0.04560 0.00003 0.01498   0.01636   0.03550   0.04558   0.05567   0.07502 216389 1.00000
u[39]   0.03965 0.00003 0.01070   0.01871   0.03245   0.03966   0.04688   0.06060 113736 1.00002
u[40]   0.02011 0.00003 0.01180  -0.00309   0.01217   0.02011   0.02805   0.04324 133740 1.00002
u[41]   0.05054 0.00003 0.01434   0.02249   0.04085   0.05052   0.06021   0.07870 199039 1.00001
u[42]   0.06545 0.00004 0.01955   0.02731   0.05227   0.06535   0.07862   0.10386 310833 0.99999
u[43]  -0.02277 0.00003 0.00714  -0.03679  -0.02758  -0.02276  -0.01796  -0.00885  52407 1.00008
u[44]  -0.01186 0.00003 0.00903  -0.02954  -0.01794  -0.01187  -0.00579   0.00592  80926 1.00001
u[45]   0.00122 0.00003 0.01116  -0.02063  -0.00630   0.00119   0.00872   0.02314 121596 1.00001
u[46]  -0.02476 0.00003 0.00981  -0.04407  -0.03136  -0.02474  -0.01813  -0.00554  95450 1.00002
u[47]   0.03159 0.00003 0.01669  -0.00111   0.02031   0.03160   0.04289   0.06430 246897 1.00002
u[48]   0.00783 0.00003 0.01168  -0.01511  -0.00002   0.00785   0.01570   0.03070 132775 1.00002
u[49]  -0.01446 0.00003 0.01119  -0.03644  -0.02199  -0.01445  -0.00689   0.00745 118463 1.00001
u[50]   0.03137 0.00003 0.01363   0.00476   0.02215   0.03136   0.04054   0.05819 181304 1.00005
u[51]   0.02262 0.00003 0.01331  -0.00351   0.01364   0.02263   0.03159   0.04876 169968 1.00001
u[52]  -0.00685 0.00003 0.01251  -0.03141  -0.01529  -0.00684   0.00160   0.01770 145669 1.00000
u[53]   0.04097 0.00004 0.01997   0.00207   0.02747   0.04094   0.05440   0.08035 322344 1.00000
u[54]   0.02894 0.00003 0.01309   0.00327   0.02010   0.02890   0.03775   0.05468 164500 1.00000
u[55]  -0.05033 0.00003 0.00457  -0.05931  -0.05341  -0.05032  -0.04725  -0.04138  22348 1.00023
u[56]  -0.03960 0.00003 0.00640  -0.05220  -0.04389  -0.03959  -0.03528  -0.02707  42411 1.00006
u[57]   0.03196 0.00003 0.01505   0.00256   0.02178   0.03192   0.04211   0.06153 213875 1.00000
u[58]   0.00101 0.00003 0.00946  -0.01756  -0.00535   0.00101   0.00737   0.01957  92493 1.00004
u[59]   0.03652 0.00003 0.01092   0.01519   0.02917   0.03650   0.04387   0.05791 116622 1.00003
u[60]  -0.03062 0.00003 0.00762  -0.04565  -0.03574  -0.03060  -0.02548  -0.01572  59512 1.00007
u[61]  -0.03188 0.00003 0.00667  -0.04504  -0.03636  -0.03188  -0.02738  -0.01885  46043 1.00008
u[62]  -0.01958 0.00003 0.00817  -0.03559  -0.02508  -0.01956  -0.01408  -0.00359  68525 1.00003
u[63]   0.04654 0.00003 0.01283   0.02137   0.03791   0.04653   0.05520   0.07168 161633 1.00000
u[64]   0.00652 0.00003 0.01074  -0.01456  -0.00067   0.00655   0.01373   0.02761 115258 1.00003
u[65]  -0.01162 0.00003 0.00692  -0.02522  -0.01626  -0.01162  -0.00696   0.00193  49524 1.00005
u[66]  -0.01918 0.00003 0.00752  -0.03391  -0.02425  -0.01917  -0.01411  -0.00447  58667 1.00004
u[67]  -0.03066 0.00003 0.01090  -0.05219  -0.03798  -0.03062  -0.02332  -0.00935 112797 1.00003
u[68]  -0.01768 0.00003 0.00713  -0.03162  -0.02250  -0.01767  -0.01288  -0.00370  51659 1.00006
u[69]  -0.01433 0.00003 0.00902  -0.03209  -0.02041  -0.01433  -0.00825   0.00335  82804 1.00002
u[70]  -0.02765 0.00003 0.00739  -0.04216  -0.03263  -0.02765  -0.02268  -0.01321  55768 1.00007
u[71]   0.00531 0.00003 0.01470  -0.02347  -0.00460   0.00532   0.01523   0.03422 199885 1.00002
u[72]   0.04860 0.00003 0.01272   0.02369   0.04006   0.04861   0.05714   0.07356 155188 1.00003
u[73]   0.05630 0.00003 0.01819   0.02087   0.04398   0.05623   0.06854   0.09208 297010 1.00000
u[74]  -0.00669 0.00003 0.00916  -0.02467  -0.01285  -0.00668  -0.00051   0.01121  84545 1.00006
u[75]  -0.00267 0.00003 0.01049  -0.02328  -0.00976  -0.00266   0.00444   0.01786 111982 1.00000
u[76]  -0.00544 0.00003 0.00864  -0.02245  -0.01126  -0.00544   0.00037   0.01145  76163 1.00004
u[77]   0.00643 0.00003 0.01169  -0.01655  -0.00144   0.00643   0.01433   0.02929 133673 1.00001
u[78]  -0.05030 0.00003 0.00428  -0.05872  -0.05316  -0.05027  -0.04741  -0.04193  19197 1.00019
u[79]  -0.05710 0.00003 0.00386  -0.06470  -0.05968  -0.05708  -0.05449  -0.04957  16345 1.00020
u[80]  -0.04996 0.00003 0.00468  -0.05918  -0.05309  -0.04995  -0.04681  -0.04081  23475 1.00017
u[81]  -0.00623 0.00003 0.00751  -0.02096  -0.01127  -0.00623  -0.00117   0.00847  57796 1.00008
u[82]  -0.00847 0.00003 0.00933  -0.02680  -0.01475  -0.00847  -0.00220   0.00977  88007 1.00003
u[83]   0.02218 0.00003 0.01291  -0.00310   0.01346   0.02216   0.03091   0.04754 163228 0.99999
u[84]   0.01043 0.00003 0.01264  -0.01429   0.00191   0.01042   0.01895   0.03523 155208 1.00001
u[85]  -0.03591 0.00003 0.00627  -0.04824  -0.04011  -0.03590  -0.03168  -0.02367  40884 1.00008
u[86]   0.03024 0.00003 0.01289   0.00498   0.02152   0.03027   0.03893   0.05552 162699 1.00002
u[87]  -0.04229 0.00003 0.00611  -0.05431  -0.04640  -0.04227  -0.03815  -0.03038  38583 1.00008
u[88]   0.07501 0.00003 0.01833   0.03919   0.06264   0.07496   0.08730   0.11109 291136 0.99999
u[89]  -0.05518 0.00003 0.00401  -0.06308  -0.05785  -0.05516  -0.05248  -0.04735  17575 1.00023
u[90]   0.00809 0.00003 0.01115  -0.01383   0.00058   0.00808   0.01560   0.02998 121163 1.00001
u[91]   0.03552 0.00003 0.01677   0.00273   0.02423   0.03548   0.04680   0.06850 250466 1.00000
u[92]   0.02084 0.00003 0.01442  -0.00741   0.01109   0.02088   0.03057   0.04910 200337 1.00000
u[93]  -0.01036 0.00003 0.00869  -0.02744  -0.01620  -0.01036  -0.00450   0.00665  74957 1.00005
u[94]   0.03451 0.00003 0.01747   0.00037   0.02277   0.03447   0.04628   0.06889 271253 1.00000
u[95]   0.00192 0.00003 0.01088  -0.01941  -0.00542   0.00194   0.00927   0.02325 114549 1.00000
u[96]   0.00170 0.00003 0.00882  -0.01563  -0.00421   0.00173   0.00764   0.01893  79068 1.00004
u[97]  -0.04964 0.00003 0.00506  -0.05960  -0.05305  -0.04963  -0.04622  -0.03974  26531 1.00014
u[98]  -0.05297 0.00003 0.00417  -0.06118  -0.05575  -0.05296  -0.05017  -0.04483  18884 1.00018
 [ reached 'max' / getOption("max.print") -- omitted 2 rows ]

Samples were drawn using NUTS(diag_e) at Tue Sep  8 17:35:02 2026.
For each parameter, n_eff is a crude measure of effective sample size,
and Rhat is the potential scale reduction factor on split chains (at 
convergence, Rhat=1).


# FH OUTPUT

$coefficients

$variance
[1] 0.001153799

$random_effects
                [,1]
  [1,] -0.0363155984
  [2,]  0.0151168574
  [3,]  0.0000511375
  [4,] -0.0562511322
  [5,] -0.0079864643
  [6,]  0.0012983178
  [7,]  0.0229439440
  [8,]  0.0197804996
  [9,]  0.0059566906
 [10,] -0.0153476582
 [11,]  0.0317074171
 [12,]  0.0152165939
 [13,] -0.0445167548
 [14,] -0.0272347792
 [15,]  0.0469883044
 [16,]  0.0155525152
 [17,]  0.0678817649
 [18,] -0.0415221910
 [19,] -0.0426964367
 [20,]  0.0215052209
 [21,]  0.0338279674
 [22,]  0.0311210382
 [23,] -0.0021080263
 [24,] -0.0300484054
 [25,] -0.0286148026
 [26,] -0.0070938020
 [27,] -0.0100808832
 [28,] -0.0539755145
 [29,]  0.0156708430
 [30,]  0.0051497890
 [31,]  0.0063439279
 [32,] -0.0407783545
 [33,]  0.0357185557
 [34,] -0.0579248549
 [35,]  0.0214846591
 [36,]  0.0022556759
 [37,]  0.0174212929
 [38,]  0.0454482994
 [39,]  0.0396432200
 [40,]  0.0201404562
 [41,]  0.0503866576
 [42,]  0.0649618971
 [43,] -0.0226725715
 [44,] -0.0117729087
 [45,]  0.0013010601
 [46,] -0.0246277854
 [47,]  0.0314540687
 [48,]  0.0078851987
 [49,] -0.0143321532
 [50,]  0.0313408822
 [51,]  0.0226077724
 [52,] -0.0067655432
 [53,]  0.0406686607
 [54,]  0.0289300876
 [55,] -0.0502539772
 [56,] -0.0395048695
 [57,]  0.0318359355
 [58,]  0.0010848383
 [59,]  0.0365123757
 [60,] -0.0305014282
 [61,] -0.0317833537
 [62,] -0.0194895638
 [63,]  0.0464808220
 [64,]  0.0065858022
 [65,] -0.0115168343
 [66,] -0.0190801474
 [67,] -0.0304878060
 [68,] -0.0175904537
 [69,] -0.0142448766
 [70,] -0.0275341772
 [71,]  0.0053663694
 [72,]  0.0485210957
 [73,]  0.0559851132
 [74,] -0.0066093302
 [75,] -0.0025495740
 [76,] -0.0053352757
 [77,]  0.0065103681
 [78,] -0.0502047536
 [79,] -0.0570147513
 [80,] -0.0498734696
 [81,] -0.0061383083
 [82,] -0.0083903702
 [83,]  0.0221778920
 [84,]  0.0104975250
 [85,] -0.0358092496
 [86,]  0.0302570068
 [87,] -0.0421951269
 [88,]  0.0745237257
 [89,] -0.0550896858
 [90,]  0.0081443227
 [91,]  0.0353919945
 [92,]  0.0208359733
 [93,] -0.0102615439
 [94,]  0.0343726964
 [95,]  0.0019795515
 [96,]  0.0017731272
 [97,] -0.0495491719
 [98,] -0.0528811682
 [99,]  0.0099580785

$fitted
 [1] 0.06793107 0.06793107 0.06793107 0.06793107 0.06793107 0.06793107 0.06793107 0.06793107 0.06793107
[10] 0.06793107 0.06793107 0.06793107 0.06793107 0.06793107 0.06793107 0.06793107 0.06793107 0.06793107
[19] 0.06793107 0.06793107 0.06793107 0.06793107 0.06793107 0.06793107 0.06793107 0.06793107 0.06793107
[28] 0.06793107 0.06793107 0.06793107 0.06793107 0.06793107 0.06793107 0.06793107 0.06793107 0.06793107
[37] 0.06793107 0.06793107 0.06793107 0.06793107 0.06793107 0.06793107 0.06793107 0.06793107 0.06793107
[46] 0.06793107 0.06793107 0.06793107 0.06793107 0.06793107 0.06793107 0.06793107 0.06793107 0.06793107
[55] 0.06793107 0.06793107 0.06793107 0.06793107 0.06793107 0.06793107 0.06793107 0.06793107 0.06793107
[64] 0.06793107 0.06793107 0.06793107 0.06793107 0.06793107 0.06793107 0.06793107 0.06793107 0.06793107
[73] 0.06793107 0.06793107 0.06793107 0.06793107 0.06793107 0.06793107 0.06793107 0.06793107 0.06793107
[82] 0.06793107 0.06793107 0.06793107 0.06793107 0.06793107 0.06793107 0.06793107 0.06793107 0.06793107
[91] 0.06793107 0.06793107 0.06793107 0.06793107 0.06793107 0.06793107 0.06793107 0.06793107 0.06793107

$real_residuals
            [,1]
1  -4.874227e-04
2   3.930330e-03
3   3.711281e-06
4  -8.659840e-05
5  -8.015745e-04
6   7.534751e-05
7   3.920928e-03
8   4.750979e-03
9   3.051804e-04
10 -2.130312e-03
11  2.049058e-02
12  1.598100e-03
13 -9.237833e-04
14 -1.102996e-03
15  1.018999e-02
16  1.521382e-03
17  1.774012e-02
18 -7.279853e-04
19 -4.377912e-04
20  1.925489e-03
21  5.557160e-03
22  4.810554e-03
23 -1.160866e-04
24 -1.284756e-03
25 -5.109235e-04
26 -4.814308e-04
27 -9.422203e-04
28 -7.667318e-04
29  2.060470e-03
30  6.292162e-04
31  2.523777e-04
32 -3.491781e-04
33  1.342633e-02
34 -1.141543e-04
35  3.069822e-03
36  1.705969e-04
37  1.248174e-03
38  1.024523e-02
39  3.927774e-03
40  2.517893e-03
41  1.015553e-02
42  2.977079e-02
43 -7.722342e-04
44 -7.425426e-04
45  1.413589e-04
46 -1.939647e-03
47  9.587407e-03
48  9.559803e-04
49 -1.566029e-03
50  5.583421e-03
51  3.840286e-03
52 -9.658105e-04
53  2.048865e-02
54  4.695730e-03
55 -3.232261e-04
56 -9.805724e-04
57  7.337525e-03
58  7.797374e-05
59  3.778032e-03
60 -1.253930e-03
61 -8.902709e-04
62 -9.637598e-04
63  7.134259e-03
64  6.476908e-04
65 -3.601678e-04
66 -7.511913e-04
67 -3.112035e-03
68 -6.007440e-04
69 -9.148676e-04
70 -1.028800e-03
71  1.167346e-03
72  7.304742e-03
73  2.127985e-02
74 -4.416086e-04
75 -2.383932e-04
76 -3.072854e-04
77  7.927106e-04
78 -2.137573e-04
79 -6.402029e-05
80 -3.669671e-04
81 -2.423121e-04
82 -5.837821e-04
83  3.471639e-03
84  1.562782e-03
85 -8.319664e-04
86  4.738430e-03
87 -9.045938e-04
88  2.853656e-02
89 -1.223722e-04
90  8.787188e-04
91  1.088307e-02
92  4.367506e-03
93 -5.998763e-04
94  1.187971e-02
95  2.021620e-04
96  1.065975e-04
97 -5.369358e-04
98 -1.775440e-04
99  1.571434e-03

$std_real_residuals
            [,1]
1  -0.1238609261
2   0.2269238266
3   0.0004055706
4  -0.0649763648
5  -0.0744876178
6   0.0092078831
7   0.2792308006
8   0.2853941224
9   0.0396931602
10 -0.1683361999
11  0.7503992602
12  0.1451762591
13 -0.1887911595
14 -0.1613554820
15  0.6441938661
16  0.1432037030
17  1.0216207346
18 -0.1618587847
19 -0.1272811728
20  0.1894424423
21  0.4036447160
22  0.3602130589
23 -0.0145634384
24 -0.1829177728
25 -0.1125662449
26 -0.0544053165
27 -0.0907319750
28 -0.1893891039
29  0.1672877555
30  0.0529943458
31  0.0372511339
32 -0.1110895526
33  0.6447041939
34 -0.0757030593
35  0.2390868317
36  0.0182624409
37  0.1372816894
38  0.6352643382
39  0.3673605919
40  0.2096467361
41  0.6659536461
42  1.2946708818
43 -0.1231855461
44 -0.0870437182
45  0.0126254002
46 -0.2034739629
47  0.5112388624
48  0.0808287074
49 -0.1394730914
50  0.3894400928
51  0.2743124597
52 -0.0752544442
53  0.8498092475
54  0.3431320580
55 -0.1186515133
56 -0.1832314400
57  0.4499543491
58  0.0085623220
59  0.3457703395
60 -0.1820671169
61 -0.1566014542
62 -0.1275910785
63  0.5361004652
64  0.0608027271
65 -0.0599589269
66 -0.1114553693
67 -0.2867610452
68 -0.0957013588
69 -0.1062779850
70 -0.1566882023
71  0.0736843111
72  0.5542460296
73  1.0161444739
74 -0.0502958724
75 -0.0229517391
76 -0.0376950408
77  0.0668797982
78 -0.0964423514
79 -0.0562454350
80 -0.1259456528
81 -0.0359043260
82 -0.0651554574
83  0.2583225069
84  0.1192415293
85 -0.1606887064
86  0.3525048109
87 -0.1818832873
88  1.3576346505
89 -0.0764383595
90  0.0787566617
91  0.5777806409
92  0.2808397144
93 -0.0730418966
94  0.5949008139
95  0.0186237898
96  0.0127990696
97 -0.1518498037
98 -0.0902066064
99  0.1164583667

$gamma

$model_select

$correlation
[1] "no"

$seed
[1] 123

$beta_vcov
             (Intercept)
(Intercept) 1.292898e-05